time,x,y,z,phi,theta,psi,x_velocity,y_velocity,z_velocity,phi_velocity,theta_velocity,psi_velocity,rotor_speed1,rotor_speed2,rotor_speed3,rotor_speed4
0.06,-6.338591546714957e-06,3.422792503282486e-05,10.002727309069485,0.009590913892171038,0.00190252901622312,0.0,-0.0003887505082049291,0.0020734650907547024,0.0909036947940002,0.0327462711156788,0.01395732751097995,0.0,432.9218804810346,434.09439881108364,433.1286339480964,435.8734029343616
0.12000000000000001,-8.956577807672765e-05,0.000380926859271431,10.012567765769395,0.012100932299482281,0.005967540674426175,0.0,-0.0028507041876240347,0.009766389553371755,0.23708720379927373,0.02336876413438886,-0.006959355816001892,0.0,452.58505545525264,450.89863918677383,451.3305497396197,450.5734574504351
0.18,-0.00039380768049536295,0.0012464179096749962,10.031742961756342,0.013491582614354236,0.005538130153827758,0.0,-0.0072436860845210334,0.01923960254135812,0.40204001514997,0.02191738481623842,-0.008025005492667351,0.0,457.0940407087997,457.00923699876336,457.2994568419088,457.18387434697814
0.23999999999999996,-0.000907875369473612,0.0026146166678885814,10.052785234448056,0.020226899225794348,0.0050475956540791955,0.0,-0.009857209253668134,0.026834966898193112,0.29939587665963835,0.04624904238432194,-0.0086284386680237,0.0,367.97345739451094,367.9138288207594,365.2652478606816,367.6839329317248
0.3,-0.0016714194172546299,0.004812054006694407,10.080560529189922,0.0267693399563127,0.011146182691363471,0.0,-0.01646070452241411,0.047270252268368694,0.6263002447652124,0.06634523496495748,-0.03803124270775693,0.0,505.7172982320717,503.59535409272786,502.58571420128817,504.0414214290007
0.36000000000000004,-0.0028856358312417834,0.008161649885551752,10.118830020365602,0.033541909382466706,0.018116060933167866,0.0,-0.024615779827173757,0.0649803945940825,0.6493105651335602,0.08348773631596113,-0.005889942659718164,0.0,410.36769487347505,413.21016560206147,411.9923801891867,413.50952313109974
0.4200000000000001,-0.004756924685668273,0.012797016385277565,10.161491853783366,0.03853918020596758,0.020157459001302946,0.0,-0.037957896391733664,0.09005705128053149,0.7726514478701529,0.08224201693695703,0.00990467665788524,0.0,444.16176164340567,445.4550580981989,444.99410211473247,444.89774792565044
0.48000000000000015,-0.007449645765807517,0.019012169302227454,10.210505413062268,0.04585982413574907,0.021425241537500916,0.0,-0.05193581970266878,0.11786409289128022,0.8610357204588291,0.06407758977297309,-0.00036503602773831165,0.0,435.33672325401074,434.4765758180347,433.9702278815879,432.4478352524778
0.5400000000000001,-0.011045218353709018,0.02713559709688059,10.26685985118895,0.05188747250192893,0.021399632370386,0.0,-0.0679114198850614,0.1535943998918481,1.0172839251542283,0.04664764855092372,-0.0005674739189226283,0.0,455.5029257434171,455.4867483967893,456.1764797972779,454.7850063766371
0.6000000000000002,-0.015569005290350832,0.037377317363105,10.329799764974782,0.05474897362130271,0.030105736556717666,0.0,-0.08369194601923724,0.18807121661632567,1.0806177882995198,0.04245446149087361,0.030640216520716232,0.0,424.7161914953544,427.38406360009736,427.2115605391376,426.855195768916
0.6600000000000003,-0.0212996442559171,0.04993255339359428,10.399972664797161,0.05738011879270566,0.033967364731901206,0.0,-0.10774657309838012,0.2307279691178098,1.2582652537132797,0.03786222308707343,0.04506777923391929,0.0,462.6230344020567,463.7580423976586,462.0787708627276,461.71746616432057
0.7200000000000003,-0.02848593502442965,0.06498202821978394,10.478648285352774,0.060029341668196956,0.03696625501783668,0.0,-0.13210904393497103,0.27117791173158157,1.3641030874750446,0.043498623409916545,0.03779965144924002,0.0,441.49318405859776,440.8941746621872,440.31864550804227,440.78546117726927
0.7800000000000004,-0.037166286866053506,0.08247453347136688,10.562825407579236,0.06562663641005351,0.04062545169183096,0.0,-0.15758291564148588,0.3124686398161571,1.4416505050664814,0.023326724883809696,0.04957581432576199,0.0,432.72226009925157,433.7133515271583,432.0266590042139,430.32334639466035
0.8400000000000004,-0.047582749368371084,0.10278035873380917,10.65493007518281,0.07316522903531553,0.043647810548322674,0.0,-0.1899748536414219,0.36520704450727387,1.6281751906063113,0.04929491962125653,0.04569639687489071,0.0,466.5420985531026,466.2404389269197,465.31259545072874,467.3412669871379
0.9000000000000005,-0.05982687455716052,0.12609595670276275,10.753995995377538,0.07613584117668548,0.04701146059486394,0.0,-0.21847017712582775,0.4122509025168974,1.67391219269208,0.0463652847098977,0.05321762647107343,0.0,422.8340076602837,423.482964472939,422.7039085110378,422.4529519868419
0.9600000000000005,-0.07390238118985906,0.15238511436663724,10.856976827237457,0.080247252482601,0.05059907173496825,0.0,-0.2510610368081179,0.46446172411128,1.7585931198097808,0.03247727699912804,0.05900208881936749,0.0,435.15622117462794,435.64224836925257,436.76476641755704,435.60601888603964
1.0200000000000005,-0.0902733027103867,0.1823240535834159,10.970171453293785,0.08873002277823172,0.054688242587642044,0.0,-0.29511923430648684,0.5344873188053978,2.014011074850997,0.05930448522150203,0.06600699206327987,0.0,487.84334210799756,488.36839597994344,486.68263746409093,488.68709768258134
1.0800000000000005,-0.10950895899287924,0.2168398678986462,11.100709802813297,0.0923323321643279,0.059456164769215114,0.0,-0.3466695761388125,0.6164573284234818,2.336555034004258,0.060697528554763916,0.07472330002458327,0.0,508.0328370894555,508.6603313288426,507.31333582218144,507.4153781351276
1.1400000000000006,-0.1316814237881964,0.25588063958631607,11.245102375788639,0.1015779843672755,0.07567184417958561,0.0,-0.3941091254084837,0.6858248918414959,2.4759965720551484,0.08545663726233532,0.1110635957890707,0.0,454.5056369331919,457.41491278326924,455.42175092204417,457.40125564197524
1.2000000000000006,-0.15691561793727046,0.29914507586632505,11.396473554730798,0.11069678674088035,0.0824249290308181,0.0,-0.4476972007422512,0.7572298824444494,2.569310795466842,0.06233791019570885,0.11334913447764933,0.0,442.2229893329172,442.4223669482848,444.4409774889543,442.5469999403537
1.2600000000000007,-0.1856165629094984,0.3469905425942019,11.554316290066337,0.12235640403123949,0.09857519860872799,0.0,-0.5106497509942624,0.8388181720644988,2.6914813225731535,0.030286980621117236,0.1456648842208775,0.0,452.9493086153861,455.55440023852526,452.8940539577089,450.3105745191809
1.3200000000000007,-0.2180801163304081,0.39952927095829976,11.716122570631564,0.12552074818664138,0.10764428729079256,0.0,-0.5722822480666935,0.9127109193641554,2.70187472234547,0.04185769088150451,0.13806505077922035,0.0,418.34109916532094,417.6993684389678,417.42672216151493,418.4358028808485
1.3800000000000008,-0.2541259428542214,0.45626603921844644,11.875963569079774,0.14202940183863078,0.1175323851371628,0.0,-0.6300314672650112,0.9797360010856719,2.6260297362121046,0.0816586292313385,0.12293774418587236,0.0,389.2768356773039,387.8778029166436,386.1675491798343,389.9066045384036
1.4400000000000008,-0.293859286623966,0.5173314965534167,12.031775956240015,0.1495191279864656,0.1271256350291461,0.0,-0.6952031668035445,1.0563362185562992,2.567615770060461,0.09812913245868873,0.10538216471588673,0.0,395.67844817241,394.0731437564316,394.16323398525634,395.68980369096477
1.5000000000000009,-0.3381671605799375,0.5837084234143364,12.188027941165126,0.15623710369041888,0.13347373275351693,0.0,-0.7823335089623156,1.1568077540626494,2.6403545167899707,0.10698178524051485,0.10206920934809742,0.0,439.67474481347165,439.4098014008138,439.692955232368,440.43469565934123
1.560000000000001,-0.3876593731752828,0.6560439307830291,12.34733125399785,0.1643339872365459,0.14067892805671978,0.0,-0.8680524535943607,1.2550704292258386,2.669388755392468,0.09154039195749364,0.11232133202923113,0.0,425.0208502729058,425.9088928480303,428.03691978576853,426.73026613330956
1.620000000000001,-0.4427267615625477,0.7347474760113392,12.510255549546374,0.17514138489438125,0.15149736715290096,0.0,-0.9686144280678358,1.3693379196954607,2.7607349102414074,0.11562291579230057,0.0889634841545108,0.0,448.4232680711179,446.53131326723235,446.93503497520453,448.9020484867125
1.680000000000001,-0.5039279251670228,0.8203867910000775,12.677906968911516,0.18365210586839797,0.15806385244313326,0.0,-1.0720284508507423,1.4860214561289844,2.8271106197124527,0.12821500557967755,0.09996463911151132,0.0,440.74293074886856,441.6585512136859,440.4470346070579,441.50029903195093
1.740000000000001,-0.5711856156796391,0.9128550702965168,12.847737562699733,0.19170344068121548,0.16543000618562598,0.0,-1.1705593042120919,1.596879234232499,2.833525604276976,0.1336815450990825,0.085894126459309,0.0,422.69249787586256,421.48642287042145,422.3817780208411,422.8694173719012
1.8000000000000012,-0.6445487347754583,1.0121845932424476,13.018279975763642,0.2005414308078901,0.17064781898423753,0.0,-1.2753465378953261,1.7148192587809643,2.8507965196690934,0.12250603922953646,0.08167017103932132,0.0,426.8544785119018,426.50002922730005,427.6428606328957,426.70608202681865
1.8600000000000012,-0.7254934642658738,1.1201002715231156,13.196470978793961,0.2086053061678257,0.17878866905163004,0.0,-1.4237178588069772,1.883088379690916,3.087657339109756,0.13063600669703196,0.06071325699214477,0.0,497.46356336641185,495.93036256867106,496.2957352720813,496.904553027496
1.9200000000000013,-0.8142896157325571,1.236866540154959,13.38209541156087,0.21652749564828344,0.18413241434402394,0.0,-1.5366136839478526,2.0097117621546983,3.099376266713215,0.1328300733971901,0.07385005058176483,0.0,428.03204657542847,429.151939448919,428.6178148334818,428.8207864549105
1.9800000000000013,-0.910210700184865,1.3616293054725523,13.56958438224044,0.22491530608196353,0.19299866567936963,0.0,-1.6615905483513131,2.1496776235738464,3.1495453056749736,0.12444571569606186,0.049548342448485036,0.0,443.44624836161336,441.4486402009552,443.1107906980762,442.43654311545896
2.0400000000000014,-1.0141734972418246,1.4953445457601091,13.761819618566795,0.2326538926052466,0.20242704961469649,0.0,-1.8047116522209865,2.3080501269242135,3.2573332911666495,0.12908126070305367,0.07620655048683767,0.0,461.96611972602915,464.0657935352023,462.31593841116427,462.6948282232548
2.1000000000000014,-1.1268691568826958,1.6386641617066788,13.960224952712453,0.24421420991222664,0.20734892002939276,0.0,-1.9522400938092894,2.4701960027974437,3.355187622843562,0.14931153163590363,0.06841987694283239,0.0,462.4989175001262,461.8891812463839,460.4565916282333,462.0706601021891
2.1600000000000015,-1.2480076470033266,1.7913080824340755,14.161954384724032,0.2539967733834132,0.21770311917270035,0.0,-2.0865900880981103,2.618611028606612,3.368362638345265,0.13809523805828014,0.09462964861080182,0.0,435.04911653593314,437.24325286768857,436.755335607615,435.83905898873894
2.2200000000000015,-1.3788321842895868,1.9546421026097842,14.370661332348455,0.26262679823869206,0.22347580485424068,0.0,-2.274715905910684,2.826460127119452,3.586964400216021,0.1434333917709736,0.09701098293312342,0.0,502.75977735788314,502.9388844429702,502.17333122170385,502.5761256358581
2.2800000000000016,-1.5202212992404394,2.1296222883397196,14.588667201480018,0.27122209206092407,0.23049743465665173,0.0,-2.4388704520591538,3.0067498928908933,3.6787659072943244,0.14183608913488174,0.08374566370241379,0.0,467.43847220387596,466.4102725520847,467.25194519522944,467.1453441357191
2.3400000000000016,-1.670693354654433,2.314521467968398,14.808356946493623,0.27996120190870943,0.23584525939372192,0.0,-2.5773106737151448,3.1570888715209944,3.643688280895501,0.1352578490734738,0.0888863777896936,0.0,427.54291553838254,427.98705958647105,426.9102552179026,426.36752396953386
2.4000000000000017,-1.8300498818801951,2.50910148827948,15.02775977212009,0.2882584656194114,0.24203610123731778,0.0,-2.7350750292854507,3.3293677194635336,3.6688717856243604,0.13887953013398824,0.09790149391531247,0.0,448.69392256694726,449.43231630511644,448.9625105432651,449.27330309861316
2.4600000000000017,-1.9991965970766687,2.7143565976498367,15.249294610783146,0.2985622686759246,0.2522118028168423,0.0,-2.903989832409919,3.513068222323687,3.7144052334199653,0.12225251932617447,0.11945240936296568,0.0,457.58699768170715,459.30890363441415,458.1459031309404,456.8376707030311
2.520000000000002,-2.1783193003750916,2.9303605833511606,15.472093405278468,0.30629236073022614,0.2618128881767481,0.0,-3.0675702294120453,3.687391616349469,3.7112979159425614,0.11406355493611893,0.10111941063996288,0.0,445.4335151365883,443.9429797087151,444.327581280372,443.66851680562985
2.580000000000002,-2.368259498787258,3.157855546164324,15.697532459460847,0.31697884117845554,0.2693960824296884,0.0,-3.264338958121007,3.8963204672220986,3.8018112411625915,0.13437001774009308,0.11345997472125682,0.0,477.00840901075395,477.95883827840055,476.5079065912618,478.0700231584398
2.640000000000002,-2.570136436327477,3.3979273419853318,15.927906561979245,0.32504146280400636,0.29315088582148796,0.0,-3.467057101880349,4.106128744223138,3.8752989556319353,0.13439085035104964,0.06714721231924572,0.0,477.51376841640274,473.9748495448828,475.55108028672356,475.56803004606274
2.700000000000002,-2.784038411092984,3.650091084455189,16.160752025984717,0.33596250411031026,0.2987263149717023,0.0,-3.6633877848019165,4.299865526590536,3.8849915884983908,0.11463327533110512,0.05227086468764954,0.0,458.91131753889726,457.7314211285986,459.7711839994927,458.21726999877495
2.760000000000002,-3.0103216076158086,3.9145534651282428,16.39557563163899,0.34557258831438986,0.30201201560082946,0.0,-3.8794877814173785,4.51593303938622,3.9410419969420922,0.09528617695277782,0.05547221835991281,0.0,476.6252810261516,476.87158875745826,477.43618181397903,475.9669794280171
2.820000000000002,-3.250446957614365,4.192973348311438,16.6360521972823,0.35344490948421026,0.3053285312561007,0.0,-4.1246928007803385,4.764797364809718,4.072984486237697,0.11021190350086191,0.05412139658650314,0.0,504.29201164896926,504.19604751091566,503.0674060270871,504.1545829991917
2.880000000000002,-3.5037004991949185,4.484586781664358,16.879244067266004,0.3699093244025331,0.3205979874137137,0.0,-4.318128765910104,4.956417356187928,4.031693553480923,0.07460713303205664,0.0909223319894767,0.0,450.8872151287173,453.8545656853752,452.54470896945463,449.6772304754972
2.940000000000002,-3.768124955830185,4.787131664647114,17.11789006832962,0.37633465410164124,0.32630491353078206,0.0,-4.4964750127736925,5.12848638029648,3.922643145484666,0.08874643617293342,0.09534595613046996,0.0,429.63163798597276,430.0141454024339,431.2901796053723,432.48829587468333
3.000000000000002,-4.04395742673243,5.100680032238918,17.3515661119253,0.38167908764565883,0.3320138143167659,0.0,-4.69833694704286,5.323016808910985,3.8656934020526292,0.0855967826335849,0.09400877203647201,0.0,451.0375932703509,450.9370670924734,451.1917710493084,450.94360562153537
3.0600000000000023,-4.332625424857108,5.426569727706335,17.583334771841987,0.3906378146348626,0.34126557180363903,0.0,-4.924515355752311,5.540001847729755,3.8583249895186524,0.06294423042167058,0.07195663897704535,0.0,470.7701366517476,469.066101282572,472.1626061872631,470.4158435270542
3.1200000000000023,-4.635922454906729,5.766452136693995,17.816741844581482,0.3954613744762634,0.35491409194063284,0.0,-5.186312827807821,5.788780225422446,3.9197410498950025,0.05047138024192944,0.03727233294552981,0.0,498.2501456933276,495.7095829755162,497.79513536679923,496.8833936467092
3.1800000000000024,-4.95410048002371,6.1201002025274285,18.050957774696347,0.3986076208361693,0.3651704212619613,0.0,-5.420247225363321,5.998927799724607,3.8861686473710844,0.05322030904540659,0.06711783481230053,0.0,467.77807348005723,470.09835109616154,470.58838012872377,470.80270392287
3.2400000000000024,-5.285514518684948,6.48531038966722,18.280673990352813,0.40378908721102214,0.3739535985687681,0.0,-5.627479443710046,6.174507100366937,3.7702528517886895,0.06751288874117553,0.08983753234083072,0.0,442.3981639079706,444.2699303043776,443.02786480426,444.20418234211667
3.3000000000000025,-5.629013337424107,6.8605526165944255,18.50218757120421,0.4125182144699835,0.3797132984100626,0.0,-5.8229344882223435,6.3336545771512105,3.612953241525396,0.09003674854847782,0.09540268349289534,0.0,430.9728217883954,431.4504451061755,427.7593126917231,429.67839244054863
3.3600000000000025,-5.985791198568524,7.2468193004604755,18.717482488285427,0.41832314037050367,0.38565476815942823,0.0,-6.069936367844336,6.541529901437221,3.562256673105841,0.09589080671606721,0.09944788018006452,0.0,469.9683662639844,470.28932323072854,470.8143499744459,471.27378453786815
3.4200000000000026,-6.357513094037125,7.645556161551911,18.929612750729927,0.4275345855957564,0.3927352584878818,0.0,-6.32109673488806,6.749511199831279,3.507174148931211,0.11509606125262536,0.08662508111684385,0.0,472.83515324190074,471.8531031520526,471.54866533176585,473.03877943468336
3.4800000000000026,-6.743997887609903,8.05636434290026,19.137323586307108,0.4347760647068446,0.3999430167762874,0.0,-6.562092122251836,6.9437893698286475,3.415275139089386,0.12035499894605535,0.10100242998296115,0.0,462.35028552356005,463.48865512941904,462.5350197772857,462.9607657732044
3.5400000000000027,-7.145246641528949,8.478994650770384,19.3397533156145,0.44252722339698725,0.4076617152152382,0.0,-6.813205641666016,7.143541471627669,3.33094196620049,0.11109044262174152,0.11396042337818031,0.0,468.9174498118186,469.9323522752146,468.34510790930887,467.63532977355305
3.6000000000000028,-7.561187780655171,8.913084805391515,19.535892644855817,0.44928114752598614,0.41801329707151336,0.0,-7.052043308535612,7.325692962361279,3.2057920941859948,0.10641678595969778,0.13332943398310435,0.0,456.12219681590904,457.67960645313616,457.92251277281065,457.56066327401277
3.660000000000003,-7.991429788861269,9.357880528107366,19.723992429340015,0.4568700774938419,0.4266181354620038,0.0,-7.2898201870187345,7.500478006898653,3.063054729435337,0.09313672059786449,0.12352331282570479,0.0,455.41583911095273,454.6456193372023,453.22590387171687,452.16574279318746
3.720000000000003,-8.438898323188816,9.81585362271116,19.908899702624645,0.4649019809611197,0.43898224565865096,0.0,-7.626065856922924,7.764276492102058,3.097452067321314,0.07476978553837714,0.09791424194075696,0.0,520.5998021158929,518.8140480944357,520.5370830501954,519.2548908045368
3.780000000000003,-8.902286962089837,10.285350770062756,20.08714701668272,0.47011443151438836,0.44585517535993,0.0,-7.820913699856358,7.8854028746452665,2.8440315529047187,0.08298167718022373,0.08570408518222507,0.0,419.55886442082715,418.50501979962735,420.2629309655092,420.9795508409647
3.840000000000003,-9.378579462558031,10.763098898802474,20.25216928194736,0.4782921806947611,0.45099435385374687,0.0,-8.055856763781645,8.039270732215535,2.6559044188244187,0.06215207740505064,0.08346756237740452,0.0,446.608275861486,446.4316337524232,447.762350961739,446.06847734638114
3.900000000000003,-9.868204205120167,11.249207346768923,20.404204650780155,0.48228048309108473,0.4598908649251596,0.0,-8.265679823526092,8.163902524370169,2.4116527348593286,0.055247148642150495,0.10390159566144487,0.0,425.19655483631254,426.9515244660185,426.3257432738541,425.73779933927443
3.960000000000003,-10.370374325951406,11.742520751372036,20.541181378181594,0.4862350832702642,0.46958374553073856,0.0,-8.474089607862227,8.279409242211413,2.15395520224669,0.045203024642699395,0.0822927571925744,0.0,422.87856607331054,421.0208437409737,421.17598324234336,420.3079201977979
4.020000000000002,-10.887188504959248,12.24448645618932,20.666082188656024,0.4894610704667359,0.47921612171455763,0.0,-8.753497018254045,8.451764016519313,2.008120337322425,0.05194614541319805,0.05732640213208057,0.0,467.81775631809273,465.8729843701158,467.40016491567604,467.9268264339293
4.080000000000001,-11.419330681325391,12.755224875553155,20.779418475840842,0.49275589308532997,0.48284765100847427,0.0,-8.98516977852066,8.572357625603983,1.7695812065722092,0.05552152866208322,0.05117894333726759,0.0,434.582316937429,434.0686451318035,431.8934083056179,432.1969250294304
4.14,-11.965890576891118,13.273459414002046,20.87907196992022,0.4972322282705637,0.4859535940716153,0.0,-9.233968021855993,8.701589951422653,1.551780218197617,0.06610447717275583,0.04759844160823967,0.0,443.16949244159355,442.876545696756,441.17071796661355,442.0465034748368
4.199999999999998,-12.527603256703554,13.799501180065112,20.965769359546016,0.5182887857301068,0.49105459689324515,0.0,-9.48976551238413,8.833320600624257,1.3364628082712366,0.01960214605139944,0.06285572924915028,0.0,445.3467914471154,446.5953360245598,447.1514994432743,443.34724802352497
4.259999999999997,-13.1067310015421,14.335330042834798,21.04258335377557,0.5194529333411779,0.4949179218408908,0.0,-9.814583365890707,9.026307669897488,1.2227359207146722,0.018451042636598136,0.0651878679489498,0.0,488.510761091177,488.68724076458636,489.2949679171872,489.2091485183525
4.319999999999996,-13.701764338786475,14.879154276441717,21.10652699779983,0.5207532969513036,0.5011225844969083,0.0,-10.020854926052905,9.100682343347064,0.9090285120434469,0.022214469732393802,0.08062017233367824,0.0,409.2185069756146,410.59483538090444,410.2762709720118,410.6104367760314
4.379999999999995,-14.31160859004407,15.429379410696804,21.15521772338589,0.5298303821127535,0.5106262058607891,0.0,-10.307569321081349,9.239303904503206,0.7124877608095518,0.05152245410796703,0.10311372227712051,0.0,459.40872816879624,461.19572494562743,458.84113567109773,461.16335027786164
4.439999999999993,-14.93936417694205,15.988336361920846,21.192813026966068,0.53780219699639,0.5180464734841959,0.0,-10.617763511287711,9.391574462125213,0.5390540335563674,0.07455219204326352,0.08968792826246795,0.0,474.14452840592065,473.11924306149706,472.4683083225523,474.24353171233497
4.499999999999992,-15.58541527690729,16.55590903646804,21.21916268235566,0.5423302983337948,0.5239733622948188,0.0,-10.917609053095262,9.526450870523027,0.33816483106700956,0.07618677867674414,0.09666750538250063,0.0,466.253034308978,466.8049244948973,466.47317869966093,466.60498774818944
4.559999999999991,-16.248219534359006,17.130196039486595,21.231302188439127,0.5487890197788996,0.5304407622326996,0.0,-11.17644806821474,9.61573254449285,0.06584342651336912,0.05988857543637055,0.10449590533392317,0.0,439.6650207278492,440.3220263009843,440.10522109518115,438.7574468474958
4.6199999999999894,-16.929101405463005,17.711839578114965,21.230491695468384,0.553363264574922,0.5369794172201621,0.0,-11.51970969226949,9.770946807910963,-0.09454863984924897,0.06960390563008698,0.0974892586626687,0.0,488.40734947477347,487.89230571438725,487.292792587703,488.0213127891385
4.679999999999988,-17.62733494914287,18.299628174226928,21.21506637462381,0.5584967930700016,0.5449580685275226,0.0,-11.755597272989943,9.821315301299988,-0.41988390421041216,0.07918846465075116,0.08025880513051273,0.0,424.0575488752007,422.581655840022,421.382559345231,422.21513798902816
4.739999999999987,-18.34122603778028,18.891448576747443,21.18190621957356,0.5633396652272591,0.5610380052146677,0.0,-12.041186958084896,9.904582014634855,-0.6869679378175209,0.07446252689572262,0.04227294215142941,0.0,451.79390201130235,448.72277347682126,450.13967221430266,449.7615927295414
4.799999999999986,-19.07301253796633,19.488576244890535,21.133353904832383,0.5724229466962054,0.5636196098750057,0.0,-12.35195131111593,9.998828911244148,-0.932546061728307,0.04969723377134503,0.03845206110208299,0.0,463.5557201878704,463.2560384622278,463.7352077313751,461.78797401981217
4.859999999999984,-19.821282218133238,20.089261575761473,21.06689882892031,0.5755208351640748,0.5677258164918006,0.0,-12.591554237850152,10.023388663272648,-1.2824668439996156,0.05241705092606915,0.022509769562570562,0.0,418.6665698239842,417.2769451558969,419.64512940760795,419.8830648155386
4.919999999999983,-20.583720642725716,20.69092484447203,20.978893001208053,0.585709178291772,0.5691605158475532,0.0,-12.824139555725532,10.031727434268518,-1.6509522303878652,0.08031374664573274,0.017913551025786192,0.0,410.6704482850433,410.2623624459811,407.55453257208137,410.04485904785764
4.979999999999982,-21.361904294578,21.294367205805422,20.870831015961077,0.5918309457957145,0.5777059860135241,0.0,-13.115905724554333,10.081869937794053,-1.9520473932655493,0.06655166468237503,0.046678727901857696,0.0,439.96399437587786,442.3406412027528,442.8642232635433,441.73479588793816
5.0399999999999805,-22.158691980408282,21.901418311519798,20.745758604096547,0.5973646813857307,0.5808461134181195,0.0,-13.444239673202333,10.151994843123557,-2.2179718397806116,0.05170149949066431,0.05197223290596094,0.0,460.14985714661395,460.5702643524177,460.49644670443223,459.3222756163969
